20.00000000 0.000000000 0
1000.000000 0.000000000 1
2517.141803 0.017492711 2.5
3113.314539 0.052478134 3
4612.629425 0.332361516 5
5523.016651 0.402332362 6
6336.855612 0.717201166 7
7086.481211 1.032069971 7.5
7994.095078 1.311953353 8
9416.041127 1.521865889 7.5
10809.21183 1.696793003 6
11885.50042 1.871720117 4.5
13297.16535 1.906705539 2.5
14622.43000 1.836734694 1
15534.02143 1.591836735 -1
16219.87756 1.416909621 -2.5
17083.13416 1.241982507 -5
18148.70088 0.997084548 -5.5
19114.95738 0.612244898 -6
19959.47147 0.367346939 -6
20661.94465 0.192419825 -5
21762.40932 0.157434402 -3
